resources/backgrounds/modern_city.png
7911 768
49 8
313 603 149 71 0 
0 800 1920 300 0 
500 500 125 60 0 
700 500 175 60 0 
1920 800 1620 300 0 
1140 420 300 55 0 
1500 600 300 55 0 
2200 680 220 120 0 
2465 550 180 270 0 
2710 435 350 50 0 	
2905 610 400 50 0 
3900 800 500 300 0 
4115 590 380 70 0 
4580 510 380 70 0 
5080 810 1600 350 0 
5900 650 780 40 0 
5900 480 500 40 0 
6525 480 150 40 0 
5480 390 225 10 0 
5652 200 1030 60 0 
6750 500 1800 580 0 
1780 290 40 10 0 
1780 200 40 10 0 
1100 720 40 10 0 
7640 300 640 30 0 
8405 300 145 30 0 
8725 800 2400 350 0 
9260 500 350 100 0 
9800 650 300 30 0 
10178 480 300 30 0 
10618 292 502 30 0 
1100 0 40 720 1 
1780 0 40 200 1 
1780 300 40 500 1 
2710 485 50 315 1 
3305 0 50 730 1 
5430 0 50 740 1
6650 0 30 110 1 
5480 400 225 100 1 
6650 210 30 608 1 
2190 682 10 118 1 
2420 682 10 118 1 
2450 552 20 248 1 
2635 552 20 248 1 
7640 310 30 190 1 
8500 310 50 190 1 
9200 0 60 800 1 
9100 700 75 100 2 
5520 290 75 100 2 
809 0 458 569 0
1960 330 410 300 0
3892 0 840 576 0
5456 220 595 135 0
6585 0 1325 569 0
811 180 455 370 1
1960 350 395 300 1
3892 200 850 630 1