/backgrounds/modern_city.png
11120 1080
52
313 603 149 71 0 
0 800 1920 300 0 
500 500 125 60 0 
700 500 175 60 0 
1920 800 1620 300 0 
1140 420 300 55 0 
1500 600 300 55 0 
2200 680 220 120 0 
2465 550 180 270 0 
2710 435 350 50 0 	
2905 610 400 50 0 
3900 800 500 300 0 
4115 590 380 70 0 
4580 510 380 70 0 
5080 810 400 70 0 
5480 810 1200 70 0 
5900 650 780 40 0 
5900 480 500 40 0 
6525 480 150 40 0 
5480 390 225 10 0 
5652 200 1030 60 0 
5652 80 1030 55 0 
6750 500 1800 280 0 
1780 290 40 10 0 
1780 200 40 10 0 
1100 730 40 10 0 
7640 300 665 10 0 
8405 300 145 10 0 
8725 800 2400 200 0 
9260 500 350 100 0 
9735 680 350 10 0 
10178 480 300 30 0 
10618 292 502 30 0 
1100 0 40 730 1 
1780 0 40 200 1 
1780 300 40 500 1 
2710 485 50 315 1 
3305 0 50 730 1 
5430 0 50 750 1 
5430 880 50 200 1 
6650 0 30 133 1 
5480 400 225 100 1 
6650 202 30 608 1 
2190 682 10 118 1 
2420 682 10 118 1 
2460 552 10 248 1 
2645 552 10 248 1 
7640 310 30 190 1 
8500 310 50 190 1 
9200 0 60 800 1 
1200 370 75 50 2 
3220 560 75 50 2 